88 88 116 116 116 120 1.22938e+22 -2.58544e+21
88 204 204 148 148 88 -1.9374e+22 1.59989e+22
252 268 268 140 140 84 -3.34446e+22 1.22019e+22
372 372 240 136 136 100 -3.49825e+22 2.05764e+22
528 528 204 108 108 84 -1.56434e+22 3.62268e+22
676 676 216 104 104 96 -9.0923e+20 4.10607e+22
260 260 108 108 108 152 -1.87708e+22 4.90271e+21
76 120 236 236 236 112 2.68649e+22 -1.09548e+22
72 192 304 304 304 128 2.45136e+22 -4.803e+22
80 216 404 404 404 116 8.47426e+22 -5.48283e+22
84 160 628 628 628 116 8.42914e+22 -1.78392e+23
84 120 768 768 768 136 1.53938e+23 -1.39857e+23
76 88 508 584 584 128 -6.06716e+22 -9.28523e+22
96 108 264 376 376 168 -3.53286e+22 -2.78168e+22
64 144 864 880 880 100 7.77623e+22 2.05779e+23
92 132 680 876 876 120 6.51418e+22 1.60392e+23
92 100 520 712 712 116 1.02735e+22 1.28038e+23
80 104 400 496 496 124 -3.88242e+22 -7.15912e+22
96 140 1012 1020 1020 116 1.68862e+23 -1.35057e+22
72 288 1020 1020 1020 104 5.88186e+22 2.90923e+23
72 452 1020 1020 1020 88 -2.15246e+23 4.83567e+23
88 596 1020 1020 1020 96 5.45501e+23 -6.27142e+23
80 740 1020 1020 1020 76 1.15315e+24 -1.26327e+23
96 884 1020 1020 1020 128 5.38638e+23 1.36479e+24
80 1020 1020 1020 1020 96 -1.2436e+24 9.30525e+23
124 1020 1020 1020 888 124 2.68992e+24 1.52469e+24
124 1020 1020 1020 736 72 -3.41765e+23 -6.44009e+24
192 1020 1020 1020 484 96 -5.30014e+24 2.31062e+25
332 1020 1020 1020 300 92 1.45121e+25 1.31197e+25
432 1020 1020 908 244 116 5.10447e+24 8.46355e+24
612 1020 1020 688 232 112 1.42532e+23 2.73673e+24
664 1020 1020 556 176 80 2.84385e+23 1.33169e+24
468 1020 1020 744 192 104 -4.90625e+24 -1.33241e+23
